100
25
5
15
50
15
25
50
5
100
15
15
50
250
15
15
15
15
15
15
15
15
38
22
15
50
21
25
30
100
-50
25
25
50
100
250
35
100
50
100
250
31
15
100
250
1000
15
25
10
12
20
12.5
20
10
185
75
500
25
100
100
250
250
25
50
25
25
25
10
50
100
100
25
100
25
100
25
25
25
10
25
20
25
100
13
13
25
25
15
20
25
50
25
25
25
200
5
10
50
100
25
100
25
100
25
20
25
5
15
58
25
25
100
50
25
25
15
5
25
25
5
10
100
12.5
25
50
15
25
250
25
20
25
25
5
25
25
100
17.5
15
10
1
2
1
15
15
100
20
100
5
20
10
6
25
100
25
15
5
50
10
250
50
5
25
100
15
25
100
100
250
15
15
10
10
15
15
15
10
25
10
25
25
100
50
25
25
25
10
200
20
20
25
5
15
125
125
25
50
10
25
25
25
2
25
15
15
5
100
1
400
25
100
10
18
59
50
20
25
17.49
25
25
500
20
7
50
25
50
50
75.19
10
120.79
25
10
25
25
500
50
50
150
25
100
100
250
15
300
50
5
55.38
500
25
25
100
15
50
15
8
75
200
200
20
25
75
36.15
8
25
35
20
80
36.15
100
15
50
8
25
100
100
25
25
90
25
50
38
250
10
24.51
250
100
180
25
62.5
25
20
25
15
15
15
17.5
2
15
20
25
5
750
25
100
100
50
25
100
20
5
5
15
20
100
25
25
20
25
25
25
50
1200
10
50
58
58
25
25
20
50
2
2
15
7
100
10
15
50
20
10
25
25
15
50
5
25
25
100
15
25
250
50
250
15
30
15
20
100
50
20
5
25
7
100
6
100
12
15
100
50
25
250
100
100
50
34
2
1
4
100
250
8
15
5
5
200
50
75
75
15
20
20
-58
25
25
39.48
25
15
15
15
4
10
100
10
250
12
15
20
20
100
25
25
250
25
25
250
15
20
80
1000
50
20
50
20
100
15
25
15
50
25
250
25
15
15
15
20
20
250
58
5
58
15
5
100
50
50
50
100
100
200
5
10
100
4
12
25
15
25
3
10
10
100
100
15
10
20
2.5
2.5
100
22
10
15
15
15
250
75
50
50
20
25
5
50
121
250
10
100
25
12
12
12
3
12
25
25
50
50
50
50
100
15
100
50
25
50
100
100
50
250
250
10
10
100
100
500
150
50
50
50
50
15
50
500
25
29
1200
25
50
100
100
100
250
100
25
100
25
25
25
25
58
58
100
25
5
20
15
21
15
25
200
20
100
50
20
15
20
25
15
250
25
250
500
10
25
28
28
5
10
15
13
50
25
20
15
250
9
36.15
35.85
10
500
5
25
50
50
10
50
10
300
25
100
100
100
100
36.15
25
25
20
15
25
5
15
15
15
100
25
15
10
50
15
10
5
250
75
75
25
5
20
15
2800
15
15
25
50
100
25
25
20
50
25
10
10
25
5
50
25
700
700
15
3
200
25
25
50
25
25
15
50
50
15
10
5
32
25
25
50
15
50
7.5
50
500
20
20
50
25
100
20
2
2
100
10
15
25
20
10
25
5
10
25
25
100
20
25
100
250
25
100
15
100
15
10
100
20
400
5
15
25
15
25
20
25
20
100
12
25
50
1
8
250
20
30
400
3
50
50
93.32
27.58
2
4
25
25
41.09
10.99
12
249.16
5
75
75
50
100
25
30.73
100
100
42.65
25
36.15
100
8
100
50
200
259.77
100
67.06
50
8
25
50
50
36.15
4
10
200
50
250
100
38
38
50
5
15
56.81
31.58
8
20
200
250
25
10
5
25
15
100
15
3
50
25
12.5
100
20
50
25
2
2
4
25
50
15
20
50
5
1
2
50
25
50
25
100
20
200
100
25
5
10
100
50
100
5
50
5
4
1
8
50
2
100
50
50
25
20
100
100
100
25
50
25
12
25
15
20
5
25
5
100
25
25
10
10
5
10
15
25
100
2
5
50
3
58
58
100
25
50
15
250
10
25
5
2
100
5
15
25
1
50
100
2
25
500
25
50
98.3
250
25
100
10
10
50
25
50
36.15
23.14
15
10
100
180.6
36
50
10
6
1
15
200
36.15
36.93
25
25
50
10
5
250
10
75
25
25
25
5
15
6
50
25
100
100
7
100
25
25
12
100
25
25
20
100
5
5
5
100
15
25
25
25
17.5
27
20
25
20
50
25
25
5
20
25
5
12
100
15
5
100
50
100
50
10
25
25
100
10
25
20
25
50
2
25
100
20
250
3
500
20
12
25
25
25
10
2
1
15
100
100
100
30
12
5
50
10
15
15
10
100
10
5
100
50
18
50
100
10
25
30
30
25
200
100
50
25
25
3
20
50
100
10
5
15
5
25
25
50
25
12
25
100
100
100
100
50
5
25
20
100
15
100
300
5
5
25
15
25
20
20
25
20
50
250
15
50
25
100
20
15
10
20
5
25
7
12
100
6
7
25
20
20
20
20
20
20
15
20
25
50
25
10
12.5
25
5
10
20
50
25
100
100
25
100
50
10
20
25
20
7.5
50
25
25
25
10
15
5
100
25
20
100
12
25
15
25
15
2
25
25
100
5
25
25
3
100
50
25
50
25
12
25
4
20
25
50
25
25
75
15
12
20
25
25
15
25
25
25
20
1
25
25
20
15
25
5
20
62.5
12
50
50
25
52
50
20
12.5
25
25
20
100
25
25
20
25
20
15
20
25
20
25
25
15
15
3
250
25
35
25
50
100
50
25
12.5
15
5
5
50
100
25
25
15
50
10
15
7
6
25
5
20
20
5
25
20
25
15
25
10
25
25
7
25
300
15
15
25
10
1
116.39
85.48
100
10
75
75
300
25
15
25
30
25
100
25
50
66.71
50
26
15
15
20
3
15
3
15
15
100
250
250
150
50
20
20
45
20
100
100
100
29
50
50
25
50
25
50
50
58
125
50
10
50
10
15
100
25
75
25
300
50
50
50
25
500
10
10
10
10
10
50
25
50
15
5
15
25
5
25
21
25
25
10
25
50
5
55.26
5
50
25
25
25
25
50
20
20
25
15
15
20
20
500
100
200
215.92
25
100
200
7
50
30
25
25
25
25
150
100
100
25
250
30
108.28
125
