-80
56.25
150
56.33
26.25
18.75
250
75
187.5
80
8
75
150
26.25
-80
250
250
1000
378.75
75
50
150
150
150
187.5
33.75
187.5
75
325.8
26.25
15.15
37.5
37.5
37.5
37.5
37.5
37.5
35
10
10
10
3
3
35
3
3
3
3
5
50
26.25
26.25
24
37.5
75
75
75
75
26.25
18.75
31.5
50
100
50
10
25
50
35
25
250
100
100
10
3
1
10
25
25
50
50
10
35
100
25
100
50
25
10
100
3
3
10
10
100
50
50
10
10
10
35
35
35
200
100
100
100
100
100
100
20
50
50
10
10
10
3
3
10
3
25
25
35
15.75
15.75
16.87
15
45
25
35
75
75
75
15.14
31.5
26.92
31.5
31.5
37.5
93.75
26.25
37.5
75
37.5
75
37.5
13.5
13.5
13.5
6.75
13.5
13.5
13.5
13.5
2000
1000
75
75
27.81
18.75
26.25
37.5
75
75
37.5
31.5
31.5
31.5
75
75
37.5
105
75
33.75
26.25
67.5
10
10
10
35
50
50
100
17.5
100
100
35
35
35
50
50
50
18
18
18
18
200
100
100
100
100
50
50
25
25
25
25
100
35
35
35
50
45
1000
20
10
10
10
3
3
3
3
3
3
3
3
3
3
3
3
3
33.75
10
10
10
45
25
35
45
100
100
25
31.5
33.75
75
25
187.5
20
55
26.25
166.6
13.5
13.5
13.5
13.5
27
13.5
3.75
90
37.5
52.5
37.5
37.5
33.75
37.5
75
3.75
7.5
1.87
525
18.75
15.15
56.25
75
56.25
37.5
15
37.5
2500
2500
37.5
15
18.75
31.5
15
37.5
15
37.5
7.5
75
19.5
9.75
19.5
75
2.25
3.75
2.25
2.25
2.25
2.25
26.25
18.75
33.75
37.5
37.5
37.5
37.5
56.25
7.5
28.98
25
50
50
35
25
10
25
5
50
9.37
18.75
18.75
75
75
250
25
-12.5
1000
18.75
45
4.75
4.75
5
4.75
1000
25
45
-22.5
25
42
-21
71.25
100
50
50
50
50
-25
222.77
222.77
222.77
42
45
45
42
45
42.75
42.75
42.75
42.75
28.5
42
42.75
-21.38
28.5
42.75
42.75
28.5
10
37.5
56.25
37.5
3.75
3.75
28.27
15.14
31.5
31.5
1000
33.75
49.73
33.75
33.75
26.25
33.75
26.25
1000
10
31.5
31.5
31.5
22.5
21
-21
52.5
50
25
25
25
25
25
3
35
3
3
10
35
225
15
3.75
31.5
13.32
13.5
3.75
13.5
13.5
75
52.64
150
33.75
112.5
56.25
19.5
15
18.75
2.25
2.25
2.25
2.25
2.25
2.25
2.25
2.25
1.5
2.25
2.25
2.25
2.25
2.25
2.25
2.25
37.5
37.5
75
75
3.75
33.75
378.75
37.5
37.5
25
25
25
10
.75
.75
50
3
.45
.75
25
15
25
250
35
65
65
42
100
22.5
18.75
75
75
37.5
31.5
75
75
75
3.75
37.5
13.5
6.75
6.75
3.75
6.75
3.75
40.5
33.75
48.75
187.5
18.75
18.75
18.75
18.75
15
15
27.75
31.5
15
22.5
18.75
3.75
3.75
26.25
26.25
26.25
37.5
31.5
31.5
75
18.75
18.75
37.5
37.5
26.25
26.25
26.25
26.25
31.5
31.5
37.5
26.25
75
75
18.75
18.75
75
75
85
22.5
26.25
15
15
2.12
18.75
18.75
18.75
30
48.75
60
45
30
10.2
29.75
29.75
3.75
27
15.3
35.7
15.3
35.7
4.25
7.5
8.5
8.5
30.6
15
7.5
15
7.5
15
8.5
37.5
37.5
37.5
37.5
42.5
26.25
26.25
29.75
29.75
18.75
255
29.75
35.7
17
42.5
150
18.75
22.5
22.5
3.75
29.75
29.75
35.7
29.75
29.75
21.25
59.5
375
29.75
21.25
375
15
15
31.5
31.5
31.5
35.7
42.5
42.5
85
75
85
10.62
5.95
5.95
378.75
75
18.75
315
75
82.64
15
15
15
15
17
17
18.75
18.75
7.14
900
35.7
35.7
37.5
35.7
3.75
42.5
.95
4.75
23.75
23.75
237.5
95
47.5
33.25
33.25
95
33.25
256.5
95
47.5
47.5
47.5
95
95
95
10
45
100
39.9
39.9
15
226.1
226.1
15
45
100
200
200
200
250
9
9
54
9
17.82
18
18
18
54
9
54
18
53.46
95
95
54.18
94.29
31.5
17
37.5
75
56.25
31.87
16.87
18.75
33.75
7.65
26.25
42.5
200
75
30
42
42
42
62.5
50
35
35
125
12.5
37
42
300
300
10
100
42
25
37.5
100
125
125
125
25
40
35
25
45
25
-42
42
42
250
250
100
100
2.25
2.25
375
2.25
75
50
75
50
26.25
125.14
80
75
50
4
18.75
80
75
80
7.5
8
56.33
199.22
18.75
75
15.6
75
18.75
-80
75
28
28
2.4
18.75
25
25
50
50
50
25
25
25
50
25
25
25
35
35
35
35
250
75
24.06
37.5
15
150
37.5
37.5
37.5
37.5
37.5
37.5
2.25
2.4
26.25
8
75
80
80
18.75
80
75
2.25
2.25
26.25
75
18.75
-56.33
-125.14
18.75
26.25
187.5
80
26.25
8
149.93
75
50
80
187.5
2.25
80
8
75
50
150
2.25
50
50
18.75
2025
2.25
125.14
75
18.75
-80
75
26.25
18.75
75
35
26.59
75
325.8
75
80
50
50
50
50
50
50
50
50
37.5
26.02
75
75
75
75
75
75
80.98
31.5
37.5
26.25
150
50
50
50
25
50
25
50
25
100
50
35
35
35
25
50
50
50
75
75
75
75
187.5
13.5
13.5
13.5
27
13.5
13.5
75
22.5
26.25
37.5
37.5
67.5
37.5
26.25
2.25
2.25
2.25
50
50
100
25
250
250
50
50
.5
.5
1
-.25
-.25
-.5
.5
.5
100
42
10
100
10
10
10
25
100
100
100
100
100
100
100
25
50
50
100
25
10
15
50
35
50
42
42
35
42
42
42
50
50
42
45
45
100
100
100
50
50
42
100
100
10
10
50
50
50
25
25
25
25
80
112
112
42
50
50
42
100
100
100
100
80
25
50
100
42
5
25
50
25
400
280
25
500
250
100
700
42
10
25
35
33.6
100
25
10
37.5
35.7
17
7.5
7.5
7.5
7.5
8.5
31.5
31.5
35.7
19
95
95
95
479.75
47.5
95
190
190
190
19
39.9
.95
9.5
9.5
47.5
950
4.75
95
95
95
47.5
23.75
39.9
47.5
28.5
28.5
25
100
100
206.15
16
25
100
100
19
475
47.5
11.87
23.75
33.25
33.25
237.5
33.25
399
95
95
95
190
47.5
47.5
47.5
95
47.5
33.89
69.25
133.18
19.21
100
19
23.75
95
399
23.75
33.25
23.75
33.25
275.5
33.25
23.75
47.5
47.5
47.5
95
33.25
95
35
50
199.5
93.75
93.75
93.75
255
15
26.25
33.25
39.9
187.5
28.12
30
19
38
37.5
75
7.5
75
47.5
475
15
15
15
9
19
42.75
14.25
25
25
25
25
20
25
50
50
50
-25
19
100
100
25
100
-50
45
45
15
37.5
2.25
2.25
2.25
2.25
2.25
2.25
1.5
2.25
2.25
2.25
2.25
2.25
2.25
2.25
2.25
2.25
26.25
7.5
7.5
15
3.75
18.75
26.25
8.44
375
37.5
37.5
3.75
31.5
30
100
50
30
19
23.75
23.75
23.75
45
4
200
-2
-100
18.75
7.5
26.25
26.25
37.5
31.5
35
50
5
5
3
5
3
50
50
50
10
200
25
35
100
250
100
25
10
12.5
25
25
50
37
42
50
10
35.62
500
25
25
25
25
47.5
100
50
50
20
20
100
50
80
-80
50
42
6
6
6
44
25
25
50
25
42
100
100
100
280
280
42
280
42
45
37
42
280
37
42
42
45
45
25
45
42
42
45
25
500
20
20
50
25
42
37
10
42
42
42
42
42
100
42
50
10
80
80
8
8
5
4
2.5
.99
4
16.15
.5
9.9
9.5
19.8
2.5
4.95
9.9
.99
.99
4.95
.95
4.75
16.15
4.95
4.95
5
4.95
2.5
4.95
12.5
.99
.99
4.95
9.9
16.15
1.98
4.95
9.9
4.95
4.95
5
9.9
9.9
.99
4.95
33.25
100
40
95
100
250
95
95
25
25
50
47.5
47.5
100
95
50
90.25
45
100
85.5
28.5
19
300
300
100
42
12.5
25
3
25
37.8
7.5
16.8
20
42
16.8
21
21
30
21
33.6
9.9
20
24.75
25
25
33.6
23.75
23.75
25
25
42.75
7.5
7.5
7.5
14.85
14.85
15
21
21
42
42
10.5
25
33.6
33.6
42
20
21
22.5
25
42
42
42
42
7.5
24
33.6
15
16.8
21
24.75
14.85
14.85
15
50
9.9
15
20
21
24.75
24.75
25
25
33.6
33.6
41.58
41.58
41.58
42
42
45
21
23.75
23.75
25
25
25
39.9
42
42.75
44.55
7.5
7.5
15
24.75
24.75
39.9
41.58
42
50
41.58
41.58
42
42
42
44.55
12.5
21
21
42
42
45
50
25
41.58
41.58
60
99
14.85
21
24.75
33.6
42
42
42
42
44.55
49.5
59.4
60
9.9
15
20
24.75
25
25
33.6
41.58
42
45
45
49.5
23.75
23.75
24.75
24.75
25
25
25
41.58
42.75
45
7.5
24.75
42
44.55
49.5
50
14.85
21
24.75
42
50
50
50
59.4
60
100
24.75
25
25
25
41.58
42
44.55
44.55
25
42
20.2
20.2
20.2
25
100
42.75
12.5
10
42
42
42
42
45
45
25
42
45
25
50
190
190
-190
42
24.75
20
25
15
50
20
18.75
2.25
1.5
2.25
2.25
2.25
2.25
2.25
2.25
2.25
1.5
2.25
2.25
2.25
2.25
37.5
37.5
75
37.5
37.5
15
18.75
75
75
75
75
375
2100
3.75
3.75
31.5
15
15
31.5
31.5
31.5
31.5
33.75
26.25
20
25
35
35
25
10
100
50
35
25
3
3
3
35
3
10
100
10
33.75
31.5
57.18
75
15
37.5
37.5
37.5
37.5
75
75
75
37.5
187.5
378.75
37.5
37.5
37.5
37.5
15.75
26.25
37.5
26.25
75
5.62
37.5
76.5
75
10
12.5
50
47.5
47.5
1000
-500
28.5
47.5
50
100
10
-50
-5
50
-25
50
20.2
20.2
20.2
20.2
1
25
10
100
5
100
-2.5
-50
42
47.5
47.5
47.5
25
-12.5
47.5
-23.75
47.5
-95
-95
-50
-50
-50
95
50
95
50
-95
-50
50
50
-25
20
5
5
-2.5
20
-10
5
10
10
10
10
10
30
250
-125
25
28.5
28.5
19
19
28.5
-14.25
19
-9.5
95
50
-25
45
45
-22.5
35
37.5
2800
2800
5
-2.5
5
42.75
475
19
50
33.25
25
45
45
45
50
45
-22.5
475
42.75
95
4.75
3.56
71.25
14.25
11.87
.95
.47
479.75
-375
237.5
.95
.95
.24
11.4
1.19
2.85
19
95
934.85
95
237.5
-315
42.75
95
475
399
93.75
19
93.75
93.75
255
285
285
285
37.5
31.5
31.5
25
10
50
19.5
21.25
16.87
33.75
187.5
3.75
3.75
18.75
18.75
75
75
75
25
25
75
47.5
47.5
250
250
950
475
35
15
15
15
42.75
42.75
15
50
95
95
25
35.15
19
100
47.5
50
-50
-50
-42
42.75
100
95
50
50
95
42.75
57
45
45
19
99
100
100
23.75
44.55
28.5
28.5
14.25
-100
190
50
42
95
9.9
2.5
.99
19.8
4.95
4.95
16.15
9.9
44.55
9.9
4.95
10
45
10
50
25
100
10
49.5
42
25
20.2
190
33.25
42
45
45
45
45
35
24.75
25
25
41.58
49.5
14.85
21
24.75
33.6
41.58
42
45
45
9.9
20
24.75
25
25
25
28.5
33.6
41.58
41.58
42
44.55
45
45
23.75
23.75
25
25
42
42.75
44.55
44.55
44.55
45
7.5
41.58
44.55
45
44.55
44.55
45
45
49.5
50
41.58
3
24.75
28.5
41.58
45
45
45
45
45
24.75
42
45
50
9.5
14.85
21
24.75
33.6
42
44.55
44.55
45
45
15
24.75
9.9
20
24.75
24.75
25
25
25
33.6
41.58
45
50
23.75
23.75
25
25
25
41.58
42.75
42.75
44.55
44.55
45
7.5
24.75
24.75
24.75
24.75
500
25
44.55
10
50
95
5
250
250
100
19
22.5
25
42
20
42
50
50
23.75
23.75
1225.5
1225.5
1225.5
99
50
45
250
250
500
25
15
25
25
50
1.5
21
35
1.5
50
50
1.5
3
3
12.5
15
42
42
1.5
35
21
21
42
42
50
50
21
25
21
21
25
25
21
10.5
21
7.5
15
21
45
42
45
100
1000
12
25
250
42.5
33.75
35.7
15
23.75
7.5
75
75
75
51
6.75
6.75
1.28
1.28
37.5
15
15
11.4
15
15
37.5
37.5
4.5
4.5
4.5
29.75
4.75
37.5
37.5
49.63
23.75
33.25
37.5
475
475
26.25
52.5
52.5
59.5
4.75
39.9
66.5
23.75
23.75
8.25
42.5
42.5
47.5
47.5
4.25
28.5
15
39.9
35.7
42.93
95
18.75
15
19
225
75
37.5
225
5.25
75
93.75
46.87
33.75
33.75
85
15
15
19
3.75
95
35.7
60
95
31.5
45
200
200
200
50
50
50
-25
50
50
237.5
95
9.5
1225.5
1225.5
1225.5
42.75
42.75
42.75
50
39.9
39.9
42
39.9
69.82
69.82
69.82
50
50
-25
35
5
35
50
-25
49.5
49.5
49.5
49.5
475
1000
1000
20
23.75
23.75
23.75
25
-12.5
9
18
18
34.2
18
9
104
18
18
13.5
18
54
4.75
4.75
34.2
34.2
54
18
9
17.1
54
78
36
18
34.2
9
18
-4.5
-9
18
-9
25
25
1
-12.5
-12.5
-.5
25
-12.5
100
50
50
226.1
-226.1
15
237.5
15
15
100
475
33.25
23.75
-10
-876.5
-625
27
13.5
13.5
13.5
31.5
31.5
37.5
56.25
33.75
75
75
33.75
33.75
27.01
18.75
37.5
37.5
31.5
75
31.5
31.5
18.75
15
18.75
75
26.25
234.85
1865.15
3.75
37.5
37.5
52.5
37.5
75
7.5
75
26.25
75
42
50
47.5
39.9
42
39.9
2800
78.75
75
25
12.5
56.25
-2100
18.75
33.75
75
75
19.5
19.5
19.5
31.5
15
31.5
15
31.5
37.5
26.26
37.5
37.5
37.5
37.5
7.5
7.5
2.25
2.25
2.25
1.5
2.25
.34
2.25
3.75
2.25
2.25
2.25
2.25
.34
2.25
2.25
2.25
3.75
26.25
3.75
3.75
2.25
2.25
2.25
2.25
2.25
2.25
2.25
2.25
3.75
3.75
2.25
2.25
2.25
2.25
2.25
2.25
37.5
37.5
42
42
42
35
25
35
42
42
100
5
50
25
100
-50
26.25
26.25
29.75
63.75
37.5
75
63.75
29.75
150
150
17
34
34
21.25
34
20.25
33.75
37.5
31.5
75
22.5
13.5
13.5
13.5
18.75
15
375
3.75
85
18.75
18.75
75
45
25
42.75
25
300
-150
300
-150
23.75
75
33.75
75
150
37.5
12.75
21.25
35.7
7.5
42.5
75
75
75
2.25
2.25
2.25
2.25
31.5
2.25
3.75
7.5
3.75
3.75
2.25
2.25
2.25
2.25
2.25
2.25
2.25
.34
3.75
3.75
2.25
2.25
3.75
2.25
2.25
2.25
2.25
1.5
2.25
2.25
2.25
31.5
2.25
2.25
31.5
2.25
2.25
2.25
2.25
2.25
3.75
2.25
15
2.25
2.25
2.25
31.5
2.25
2.25
3.75
3.75
2.25
2.25
31.5
2.25
2.25
2.25
2.25
2.25
2.25
2.25
2.25
3.75
3.75
3.75
75
2.25
2.25
2.25
2.25
2.25
3.75
2.25
2.25
2.25
2.25
2.25
2.25
1.12
2.25
2.25
2.25
2.25
2.25
2.25
2.25
2.25
2.25
18.75
2.25
2.25
2.25
2.25
2.55
2.55
2.55
2.55
2.55
35.7
2.55
2.55
2.55
2.55
2.55
4.25
4.25
4.25
2.55
.64
2.55
2.55
2.55
4.25
2.55
2.55
4.25
4.25
2.55
2.55
4.25
4.25
2.55
2.55
1.27
2.55
2.55
7.5
2.55
2.55
4.25
2.55
2.55
4.25
8.5
2.55
2.55
4.25
2.12
4.25
4.25
8.5
2.12
2.55
4.25
4.25
2.55
2.55
4.25
2.55
2.55
2.55
2.55
8.5
29.75
2.55
4.25
4.25
4.25
2.55
4.25
4.25
2.55
35.7
4.25
4.25
2.55
2.55
2.55
2.55
4.25
2.55
4.25
35.7
2.55
4.25
4.25
4.25
29.75
35.7
35.7
59.5
2.55
2.55
2.55
4.25
4.25
8.5
17
2.55
2.55
4.25
4.25
8.5
8.5
2.12
2.55
2.55
4.25
4.25
4.25
8.5
8.5
29.75
12.75
8.5
8.5
35.7
35.7
35.7
8.5
8.5
35.7
8.5
8.5
8.5
8.5
8.5
17
35.7
8.5
8.5
29.75
12.75