69090.59
1346864.66
23926.17
5505
73005
1635831.76
3043600.8
1661026.74
81818729.14
114420.72
1498002.01
36485
903515.13
400033.2
1305595.27
2732121.45
29790
366402.47
5400.37
1704754.04
52007.91
46708.31
11650
363483.48
4605222.98
144940.82
431476.98
2400636.93
7636155.87
10273.18
201646.54
6539094.91
534097.37
5680
2266652.73
10050
650027.28
19093.21
222288.86
14269.33
2441263.75
88879.54
126363233
49473
1235622.12
812200.05
682012.67
45833.65
237513.46
7207
45785.57
449761.68
28763242.89
20800
2024136.89
652123.95
68332.04
383760.66
280460.19
1183802
814938.14
79632.98
29226.14
27.24
47991.7
62278
32800
489258.6
253303.49
1358520.82
11110
0.07
2702915.13
326076.12
135381.56
4000
1327019.03
792121.48
706319.08
111217.77
326839.16
1859433.83
1084957.02
35695.58
2780269.26
460343.06
3966048.76
242148.91
50210.82
511287.91
1610.47
7901.7
35193.76
2018959.99
1120785.16
152955.87
947623.3
700583.42
326875.89
2456.3
512994.88
16253.23
1187719.62
44820
191790.81
271.06
246374.61
67766.15
167705.83
944579.31
1496664.23
933968.14
1591205.91
80500
712012.67
23945
1062132.85
807681.99
1882120.25
43794.5
11399.03
78515065.59
44025
1146623.08
98545.44
617181.32
10599952.95
42110.04
4260420.97
174319.43
15728
184543.5
38248.48
11833.06
1919
67245
1309424.14
65266.13
127150
1837.58
566427.92
5644611.69
82230
712640.75
535092.51
265995.69
417810.79
187089.25
24920
18172.48
1343376.67
230517.6
87113.18
110560
113387.07
539073.63
169309.89
57508.07
1629970.84
3462451.76
252998.31
5884
280408.21
206341.23
31998.6
61238.55
292061.41
5075
446511.74
14130.86
9776.24
2724810.25
614444.75
208476.91
16871.7
758583.97
4750020.99
125000
128730.8
1232895.8
212466.73
15246
1500
272877.13
3608531.82
517447.04
126168.31
96776.91
991054.27
47668
3268253.4
477283.28
69151.77
1983633.14
14082.25
1067454.62
3771025.32
26418
24739.5
12751.7
373.4
5805992.17
1709244.27
44664780.01
455161.85
1250
614280.81
6764561.06
262075.31
3361931.02
3506995.58
424990.21
5603753.81
41794.53
485223.38
2033531.01
1639032.05
457502.17
16582.26
1002600.58
8910404.89
1160183.63
1559711.57
98571.5
125857.2
303831.04
59383.61
668661.94
281722.31
59442.5
1068279.22
449777.3
1196999.67
215058.35
163217
65097.32
18592.74
901180.65
106300.57
507127.91
722194.66
18023.01
176962.5
3500
160157
32269.44
86103.45
10187.39
0.5
551397.22
256668
22845
2066088.77
498382.11
217168.56
1869628.27
185197.11
273254.41
1017168.54
506665.6
5414
10.19
1332137.86
463971.69
15536
200
10506.87
31609.2
94777.27
0.56
94432.76
49100
36516.75
215982.47
296826.25
93605.62
73151.5
83924.75
1253456.9
16110
1223665.12
8841
326796.34
1071810.57
281736.44
340533.28
12196.92
432656.23
214128.26
43202.14
236121.79
71874
189452.65
43501.44
1469590.51
120205.14
643626.74
19535.05
2851823.04
23533.64
62650
3315726.37
105665.82
1457545.91
122636.18
500
63767.26
117469.13
11136.25
176953.02
589777.4
530218.26
68149191.36
1655228.71
746
28107.61
16170
61100
16968.62
117140.64
13480
329189.15
103.7
1203.55
1033314.42
3008148.28
362217.72
49789.47
33500
1039871.5
87140.38
92576
221677.25
61924
716704.31
11704992.28
1783961.81
10601.22
12449.45
125954.58
103925.03
34269.35
475796.39
293807.3
26477
169580.5
129672.91
572.45
354602.04
31000
2794802.3
980339.86
131421
944198.57
52055.93
581686.2
338472.92
125376.71
14438.66
1300
451287.58
1620518.06
1142763.4
673226.85
88222.74
92993.48
58442.66
229062.47
159045.68
20211.23
1096600.47
592333.59
5524.36
2459133.6
23947.41
57956.76
8500
279891.6
369219.65
190592.66
82068125.94
66820.12
515572.64
236758.39
626976.72
28984.4
40798.24
1766303.46
5075.54
8982.47
19859
158099.05
1439813.92
7875
218472.01
17700
14158.21
123666.36
1162424.88
323912.21
36684.96
159717.14
11700
72833.89
265891.7
43237.46
39739.56
267267.83
52290
464686.29
223571.52
75657.71
57976.24
1103621.42
52367.08
96370.9
451352.88
725505.61
1757814.7
7388
1075664.08
74983.66
46530
25191.32
288375.29
13552.37
587131.74
499011.23
311278.54
535282.4
199.48
39940
95734.38
1328569.67
14886.12
631346.57
340915.86
98554.38
348.22
58661.45
65506.5
592.89
39442.47
36670.51
16611.02
72132.02
37980.86
2819008.15
192760.2
1294659.15
1007965.2
292625.67
598617.32
576140.99
10000
28009.14
12310.02
2895
3971.98
368.98
12632.17
727053.39
44457.74
42184.37
250867.55
1700598.46
35049.73
4967.66
219465.24
176510.64
17649.43
123022.29
119248.93
85348.45
22593.37
212
87087
38203.95
569853.72
5476886.83
168921.69
9620
733643.03
3450
1004936.78
2147542.92
76600
17372.34
96916.44
253754.84
34325.05
631465.09
4183100.01
1557109.6
13828.34
10306.09
38004.39
123170.44
117760.85
11125
4587
432990.35
174422.18
87534.19
199382.45
7168.67
1351487.12
70458.38
1700
54720.32
241378.68
59007.5
202445.87
436926.47
107024.35
67625.17
166858
10622
60140
128182.68
44441
90176.75
240810.14
13965.24
247773.6
27209
572159.03
120191.22
23666.74
178462.5
38417
1229064.21
64402.6
1057520.71
32147.31
317614.76
141298.76
410183.61
50
77106.5
4465243.35
828529.08
1140056.69
2578766.2
70556.5
25880
246387.73
439678.09
61237.01
2934966
437511.34
67606.47
6360
303339.11
701837.71
769650.55
83907.58
22190
1463937.76
3145365.35
29782.18
3531.27
130700
77662.54
964952.06
125478.89
14616
149665.92
175419.5
35334.63
1500033.97
62245.94
62609.28
106500
56786.96
11350
11.09
113715.62
65917.32
30541.1
67277.07
118023
508498.11
101983.29
264368.96
35566
117473.82
210236.9
180771.87
164650
263010.15
70774.65
733912.57
326329.18
473312.65
824271.77
43875
289657
20216.98
83862.59
200808.76
25225.42
43808.04
1861363.52
47294.95
101963.42
172459.05
52393.52
662250.53
40945.02
103578.17
26865.71
76159.52
71833.7
32289.74
1.35
265736.39
15038.62
123641.31
110000
15858.28
129390
53737.42
1192
14692.13
18925.7
24210.5
1044370.77
268203.7
192779.81
3625
103026.1
35995
246640
479205.07
31252.52
54194.11
83435.91
207269.89
17700
1106920.28
24725.09
6805.24
575295.29
48310.42
70228.21
355565.53
3300.29
11750.08
248290.4
793180.38
142455.58
4108
815040.94
1008
10630
142377.03
111963.53
353097.91
148593.07
7920
147074.97
212687.09
178911.27
19995.08
63675
10009.98
269098.02
23832.91
61566.95
5612
10659.7
140483.39
193.6
6.76
13080
1612362.39
431.78
74504.46
1059959.85
4789.87
33713.23
33690
12950
18798.93
65436.61
122780.84
6500
12700
59056.13
15299.48
31190.97
177593.36
156731.53
34945
163081.26
3521.11
12849.96
10.95
33103.1
1147128.08
43405
266649.39
1018.88
42902.14
336223.5
712690.49
480
125093.29
740201.84
8885.68
11971.11
70875.54
69128.9
36712.17
63669.51
4650
7895
1086.5
99219
25135.36
27001.56
61212.83
2507.43
170282.44
349296.96
35005.37
32126.83
54858
99584.48
51618.3
200559.99
288200.83
12630
20520
972861.51
15209.17
3301346.3
73715
8390.92
1328859.39
79492.61
1297544.3
14296.22
170.39
78493.55
109191
36873.26
117440
1123581.94
16284.46
74125.31
88225.61
17392.2
38260.28
466615.89
129.75
2627116.96
145668.56
492865.7
3876
1.14
47824.39
1127742.49
191872.89
26902.12
15814.77
120610
3479956.65
51816.06
37082.48
25787.68
54500.09
130646.75
2050
795456.63
5006
8640.17
2611255.28
414582.95
97267.31
147685.71
61250
218984.43
72763.44
19600
7333.32
11009
71353
559825.7
1099167.94
7967.95
68262.98
566582.08
7000.89
288225.59
148730
1162542.58
97115.81
2.98
50420.71
30549
2.43
118431.43
1150
739391.26
316444.29
774
12943.59
65809.24
8978.76
139349.95
1101027.89
75557.95
15994.59
82995.5
24307.5
269394.58
488329.97
10859
146697.15
112496.66
110
1154.7
7947.16
6080
230835.73
14452.8
75919.86
92141.25
120855.12
31885
10002.05
46680.73
14450
520644.6
9350
31.67
1496739.38
55772.64
28805
10025
2171985.68
31450
6266
27927
11324.5
11075
13669.16
410325.81
1541523.52
1599041.99
200
550
42890.51
31020
4608.19
130656.84
28924
248556.6
30579.08
318703.24
72904.5
333088.14
134817.79
12500
315997.23
80732.18
90907.65
83842.03
75195
1606858
562509.15
111743.06
3527084.16
20694.09
537021.02
50008.35
5034896.64
1.6
276418.97
10000
73150
64525.63
18755.18
1640352.3
19974.63
354634.32
1116.02
1531233.47
21490.07
3526
3758
346334.87
51953.14
20057.8
194668.88
3365
939925
18170.93
126237.25
2739.93
12070.25
3522.97
6500
90250
520199.65
1108720.58
1962.01
48077.21
7950
1500
29193.77
15287.85
297901.16
51260
39903.72
1195154.47
49.5
1316269.39
737024.82
501073.8
1507437.43
979131.56
49740.61
200178.93
56920.49
288698.9
40000
44503.78
20185
6840.08
367261.94
348.03
40475
1096.55
62312.45
106454.49
386585.12
601174.22
7295
2131.87
382787.09
51898.6
795779.81
126150.49
22194.84
177196.76
440.3
75245.22
230430.11
20009.03
6888.21
132208.97
96286.23
13813.46
211489.56
795689.73
15883.34
8.09
66816.96
349307.65
47162.53
62575
47286.27
6918.72
5.51
54725
59236.13
12572.48
97632.34
18931.19
69429.39
48644.35
272180.8
801299.92
353107
29435
1797807.66
50962.11
11000
585945.64
11.5
8112.33
698683.06
33593.5
300
12465.61
68349.06
115761.5
5480
83541.25
2293.92
15523.48
134721.96
175175.84
280
1505377.69
5400
389490.13
4.47
8398.22
82050
3674
137381.28
124268.33
1465256.2
13200
19013.39
22969.49
546602.63
124848.36
537812.83
23845.5
22500
27135.14
236345.41
3200.21
78681.54
34602.84
8696.88
227362.3
95103.28
23848401.25
45038.57
731205.24
20100
1774
67124.59
45852
163301.81
56199.25
8815.72
11495
16334.14
21365
47814.4
566306.36
103000
33718.51
16500
58000
7.75
131054.75
578310.65
4.01
266300.77
602762.42
488867.06
89859.34
12818.24
1138829.86
3600
95301.6
343620.23
32173.08
42
43693.58
9700
491381.7
6700
3120
46894.77
7540.48
522423.34
661452.73
48289.99
63873.6
160878.84
11575.14
18251
2400
87281.6
8823
33616.94
188557.15
7283.16
122123.98
10
132042.64
300156.59
42380
857364.95
12805
54430
90719.43
20.93
1500
46675
195120.4
192171.24
32718.49
134292.28
57047.82
5854
4349.92
18525
13805
49819.25
72397.65
61742
1167372.04
29003
18139.28
89909.51
0.14
49228.38
216497.71
48644.35
100229.13
2428411
120159.15
333663.75
2500
23060.66
1000
33042
275911.04
2860
85131.51
240986.81
333707.98
20676
92025.81
45.3
5619
76889.7
9892.02
61541.07
21109.08
53912.98
3000
4.32
2813849.47
2875
23956.04
127025.78
515087.62
127354.37
29151.04
9928.29
37795
103467.47
408288.89
95101.94
4046.46
24996.63
6465
240025.67
21150
9241.36
7938.5
205648.41
45615.98
14121.71
122289.39
46071.32
583347
1750
152711.91
64774.6
28246.5
84.78
97313.54
203907.38
2218575.51
16900
18597
23475.83
80000
2252785.26
100000
25000
38876.23
11750
4347.38
2520
21403.36
1519447.9
28850
54516
323696.79
803088.84
99996.48
85000
180928.39
1135
1283658.54
2424806.67
335917.76
101022.66
5000
45700
218730.44
4750
54184
19012
7000
5000
863793.67
112359.93
118555.45
15000
11186.99
289344.51
26168.16
131.54
61507.54
99559.9
7649.92
28998.01
65735.92
9540
156245.31
35000
21088.53
32591
5224.02
28804.43
15581.76
200
204818.77
65381.68
36710.5
934844.05
1159318
2037836.59
16705
921562.99
2423
20128.25
51866.84
19592.96
269940.67
2223769.04
3900
1697.63
26683
85417.96
19873
72518.22
363427.95
67840
13388.46
310
4012866.18
21073.92
14710
68601.77
448558.79
4664.28
147818.29
140099.36
15180
17810
27032.2
23400.04
148085.27
15967.23
84816
47636.19
100000.62
101642.16
221076.38
1055
18255
298206.86
213007.83
206826.29
31819.2
59985
234798.78
52146.16
138920.11
11809.3
183800
29190.71
45308.44
39619.56
500
63811.44
41304.98
1354393.65
106178
27228.95
22662.57
32866.76
5101.05
49031.63
0.6
2958783.75
157514.98
39000
26390.71
1560
188070.32
25285.02
36806.05
150.38
17202.8
116050.53
175437.72
133204.24
479152.15
1571376.68
88009.63
1000
13363.1
17726.48
145584.12
22074.82
120921.33
15660.06
66950
3403.5
494336.44
27818.1
1074719.99
331461.28
342244.22
106498.81
591710
77740.36
38786.79
719793.23
1080077.03
488554.01
267080.74
1316268.1
34647.93
27136.8
15878
221355.12
88029
8796.87
56587.88
97462.01
33418.09
769.14
188329.11
6125
29606.32
92033.77
40161.35
35
1459452.72
2130906.75
69595.9
193002.34
8390
11316.96
241786.26
1500
50748.25
122383
45120.01
198784.08
131526.17
143004.04
2085
12000
119716.83
24438.68
1500.47
221650.62
46
15415.51
1250
2883.51
58375.9
61775.73
107359.9
13115.76
18740
210077.62
1150
220250.47
377070.62
30716.88
3240
9646.19
155153.31
162826.14
13253
2911.5
252227.2
33520
260537.49
56540.82
832198.11
1320302.16
47032.08
151566
45220.68
5732.11
55691.38
970571.44
3025
341797
183539.98
71371.45
254746.49
35000
34393.39
7108.75
93436.44
78.44
43592.37
62362.04
131533.5
346113.31
20631.58
16306.04
107
40500
256.25
222550
5200
59543
516463.58
64479.33
232261.48
252983.49
808150.52
67834.37
118249.98
42250
9746.82
89891.69
109961.91
456742.24
50000
76164.56
0.83
16695.2
1079875
112246.1
138630
243811.98
631428.71
15053.63
5449
23442.86
22560
120183.71
9364
10000
13040
29348.48
12450
65860
9181.83
646526.02
41305
137858.98
59644.87
10671.94
50
297293.83
2093571.07
885545.89
22346.63
12497.96
287968.7
692.03
32008.25
26715.46
151551.88
3050.22
3574.75
21478.69
16
12338.72
108672
2500
22000
1000
10111.19
25500
223002.1
15272
83976
26700
15359.65
1719.34
227620.56
15557.36
10218.38
206695.29
20682.58
480
2000
5000
223567
47500
622386.21
55000
6140
184034.37
73175.18
159732.55
5000
2575.06
5440
24553
500
10001.69
13110.66
34585
4303.19
13044.42
1686402.91
30
70
102546.16
1300
34.27
2.6
283458.54
263314.02
3700
38.92
37935.47
638.94
2700
189858.8
12175
152801.94
223956.77
83990.1
24250
327822.57
665427.21
21156.68
113410.57
71670.22
15000
5874.89
148028.93
36494
36607
25495
0.62
9500
17298.74
22672.03
17200
508146.82
6873.95
2807399.3
62850
8000.59
1260241.15
3500
5000
69121
50883.25
77617.57
1623.08
2852.35
151179.19
84326.08
216305.2
102291.93
659543
2511.93
200
1457502
33804
177741.16
170507.67
24
122816.56
119926.78
10550
3.32
22500
20200
4860
192198.39
37552.6
34989.56
1911075.24
26125
146923.44
94559.02
87636.99
298758.67
184559.99
153020.31
212251.38
121164
54189.59
52814.84
780250.67
80660.18
9822
14222.83
2450
38224.43
10797
9365
6760
47112
19931
35730.5
3900
525
29135.46
7750
20799.78
536.5
132886.62
70455.72
5500
117256.69
2100
264827.49
7350
75592.62
500
59877.14
31420.3
19323.72
8000
13560
78826.89
0.07
26449.45
2601
4575
16233.18
37116.57
1834.99
209223.48
46775.87
62363.05
5000
2000
9850
14125.95
137254.33
42324.38
23278.44
540.91
276891.91
594127.43
68666.03
492088
864350.27
13504.6
13243.33
82216.93
13452.75
112287.86
182291
4869.5
318438.9
22750
426010
6234.55
5650
218284.14
279243.14
8450
1450.04
706510.05
9757.99
27106.62
1172139.25
19650.8
14.66
1
910
1121.33
22000
9289.73
250460
938179.02
783
240317.1
6187.92
14600
38000
17729.95
136002.29
103929.36
10000
200695.34
83264.9
560
17082
352649.1
181835.32
165728.39
13500
279500.08
35378.14
302374.35
600
19499
210
17127.46
14519
732634.24
202030.82
5015.67
11083.54
464326.52
30663.33
4263.13
13950.6
64277.31
127779.11
405578.27
7215.72
467074.08
65017
0.33
4075
124588.98
285866.9
7480
29593.45
29105
55258.08
158364.47
2370
31302.92
15258.35
120815
5592
43234.77
180103.8
550.36
42816.11
595811.54
65843.98
37013.7
102774.75
8914
51093.46
1823.8
584056.29
3132082.83
87440.7
4824.5
8.92
339551.63
234115.62
9500
25690.85
83383.56
18125
179579.16
7580.97
279376
58780.48
1575
611359.93
9550.86
783390.93
56133.34
1949.52
36316.5
177664.38
170731.78
194592.94
179.54
18001.08
26613.15
9209.69
2509.55
432
690706
68785.16
5878
4748820.9
84405.75
19320
20015.91
34733.08
71300
85400.74
533272.33
1311.59
117620
92603
96550
33.02
181486.33
20700.88
102922.88
356703.4
511480.38
28129.02
8500
6128.4
1340829.38
5538.12
17085.45
1540691.2
22500
114955
42781
19804.32
22912
3685.4
335467.19
1147.24
646606.7
170337.21
3327.78
8827.5
267126.89
452932.88
73485.35
75.72
43080.6
3000
15542.24
48000
44000
71600
8580
32343.33
229924.59
22500
59365.61
900
8000.11
181954.3
22172.56
8655
11734.78
7909.45
18465
135414.99
51307.5
284780.38
72266.58
22054
17226.39
6950
47610
515351
318307.93
0.95
152472.74
15500
18014.6
3898
14950
2675
2507.21
215483.64
6632041.07
741502.95
8807.79
5000
177849.39
83831
106599.98
208253.61
1811
409738.78
500
124093.34
10
20901.17
715
2691.65
1009.61
911470.52
31096.44
2000.16
62244.85
483627.19
15174.7
26349
15010
190005.12
15500
5217
216456.3
85700
5395
42860.5
15940
3260
26080.36
20.15
124644.61
114534.87
129698.82
81159.31
1172562.32
76248.48
500
25371.14
51400
7588
408774.69
3558.46
2343037.71
365
165543.96
54370.4
18169.92
6107.5
2500
2900
24.29
12629.49
18046.26
22379.95
250
18420
312897.03
110725.39
2115.9
37551.34
251434.48
104491.86
2034.83
2093870.11
74407.64
261847.34
830
6266
87108.27
21045.84
17270
831130.37
61569
6750
4204.92
2413.22
280142
43924.5
779.75
493950.4
50428.5
29519.21
124682.6
20924
9450
1420
64102.85
21158.48
3274
116684.94
368046.87
1957.12
100955
472323.87
26215
27014.86
10626.91
700.5
535080.78
3107
114689
134449.23
282409.04
289549.45
8751.2
6500
78.48
60700
32749.65
340132.92
100000
260500
5269.98
14594.49
6127.61
54296.53
704430.11
139495.59
321884.4
199249
253426.7
681780.33
735.7
8667
53970
70030.14
626946.78
2916
4400
616987.09
7770
417536
96521.2
391233.34
85264.46
221760.37
17000
937230.25
1000
103342.58
125901
3577.08
56180.88
162400.54
6.72
6704.75
114
160366.71
243178.7
15707.5
52500
13609.73
4548.07
11194
87630.14
4
35680.78
22026.99
10302.95
198097.8
175121.17
15548.73
294539
58550
31743.05
73579.02
959.34
57500
308721.73
49981.69
29519.4
17445
29359.5
303413.08
90802.46
152293
244897.56
384.02
8600
4422093.84
100595.15
26524.6
252079.95
89700
36517.02
186036.74
14656
50818
28400.08
78738.86
20776.1
74097.62
19750
15000
12260
91213
46395
43046.48
1490
59555
38594.53
54221.74
30905
3168.27
8324.16
299315.68
51620.65
46859.18
38577.27
50531.33
61.85
26951
2595
29324.82
391043.67
273084.34
20002.2
49544.15
486214.03
133000
177053.29
73286.51
384074.99
29500
14020
64088.28
177.62
385398.24
157605.01
540141.98
88589.5
81377.98
36000
106479
4751
58602.39
13162
58538.94
25210
21143.26
1823202.93
3589.92
108651.38
6433.92
9646.5
288.11
99751.91
6118.84
11370.76
232030
7401
140379.49
2520
114703.71
136786.75
31363
246290.8
31932
441642.16
9810
6100
154133.33
64221.8
20761
115788
466743.04
13006
46895.86
82421.5
9900
0.75
12744.25
22735
22871.5
22700
35772.95
64500
5770.41
103349.72
74615
26550
8492.13
3686.09
75000
2960
102500
563639.05
203250
49500.14
19315
528268.3
42880
41644.09
256143.36
86033.36
10068.99
5000
1301
653083.87
12000
2096.36
10901.62
125.13
25000
32165.18
12056.01
8155.33
1011
270
72720.12
5500.22
5000
77911.9
175752.9
3000
81603.25
20
18064.11
20900
4548.13
175931.73
136.94
203773.4
180349.88
4521
259957.48
5000
2471883.91
4058.82
184443
3453.99
492811.72
120
12250
65540
4276.73
3950
5000
36373.59
8210.41
158906.66
11122
45740
5485.1
46834.8
69042.52
57333.11
311896.76
3522
2403
70500
339898.74
309886.6
2.04
51981.5
7185
765937.91
224196.73
0.26
112500
20015
5361.73
220.35
973653.3
236580.82
7110
350178.4
54110.95
650
74614.05
11501.28
54200
15590
45000
4500
625813.16
204610.55
5500
12649.16
58341.26
50.26
3500
17.19
270.62
51363.45
340500
3416.5
227244.08
1649.98
54679.35
6115.87
458728.6
57540
50054
23806.09
16391.89
26166
170
21838
30809.2
208524.14
48586.53
11684.72
69250
128622
3325
236330.04
310936.02
29519.46
50307.46
269236.51
210400
17903
21454.46
11366.2
84580
650
3060.5
61825
40
39993.46
189003.56
40000
298662.25
75380.09
1000
81951.1
477928.34
30525
24897.28
224089.02
376924.99
18901
73033.39
12.01
51423.85
35785.7
57233
63520.32
6000
31742.37
11070.29
79410.03
26646.34
145
6925.47
13139.66
2500
114304.68
2600
2526.55
8579.82
236158.68
64437.46
96119.68
1450
1000
131505
11691
102480
15337.79
31187.71
42000
21027.28
25524.83
19.69
23785.86
620
704976.53
17090
0.04
17228.48
63637.33
10458.5
4875.32
314037.29
56275
34546.71
15653.25
25700
728417.92
40590.75
91.23
52409
45404.51
29497.52
20283
5802.53
5159
74323.29
67365.12
97859.36
27657.5
15003.99
5458
316621.79
721207.02
0.24
414539.86
14633.41
266317788.8
204525.87
8317
46639.29
3530
243
1500107.88
200
85550
59430.16
6000
64226.21
42042.92
165100
56277.99
5101.89
120231.47
26537.4
10082.75
376318.42
329576.68
8748.19
15000
250.24
6000
2941
72530.92
38669.06
241475
15200
2500
2613.48
1027
1127
4030
167575
881.58
30842.66
7684.78
74869
268158.78
11295
4341.22
34847
198378.89
218000
38761.96
22565
3951.73
9722.16
75001.64
297702.9
1160
775
72252.8
33754.02
53500
14250
3385
126915
365
6750
1950
110237.55
88694.29
43404.19
13740
10100
255361.37
24481.58
1.27
120.05
3400
23116.42
289795.07
56906.96
77618.84
917.83
87629
13071.9
79748.19
5904
11869.46
4660.98
0.24
9060.61
53839
17791.88
12412.07
16107
3118.11
5000
15.99
42444
5000
607119.22
1677.28
44818.39
174926
3410.97
25250
35234.14
5025
18354.92
0.03
653333.46
1870
25143.2
272490.17
303151.07
42419.5
21636.72
103600
1000
21966.13
39146.45
59375
213250
651.28
487436.88
115825
251150
101900
142889.28
1629239.86
54497.2
279681.27
190114.81
31000
1230
386041
40005.62
238750.4
64330.26
2640.66
305445.52
277061.58
500
343890
77164
72414.03
500
199536
6590
259.99
39000
41937
30158.68
44606.24
278036.94
18490.51
207873.55
208320.33
16860
28547
587669.33
51000
117642.68
102552.78
61741.11
155603.65
11508.04
4895.14
156205.17
38504.67
12042
214223
366754.7
2321.21
60852.22
41450.41
14676
4000
492744.12
64138.26
15350
669642.06
23025
2.95
5324.25
26175
59179
52702.24
175000
87253.21
160496.53
157946
8078.88
16485.06
42.03
4512
153619.76
1400
16200
17985.23
90903.44
12152
35025.43
160420.84
234713.1
36254.44
250240.13
3376
0.05
87523
2098.1
1500
500639.48
25000
243068
1551821.73
7
18540.18
54939.48
34329
5500
68832
38600
21172
24400
139200
11565
222745.1
605
146.86
35500
5050
13940
5742.61
46031.55
31600
89577
8457
43063
75
14795.17
43.95
25000
627.4
45000
36826.93
5850
6353.78
91591.35
56038.75
56062.57
2000
3573.75
30217.16
35100
2983.21
139709.01
700.67
54525
10750
12821.66
821.95
681893.92
48726.79
7.19
20571
39000
166136.98
25491.16
20037.94
498500
1355.69
83994.55
70670.75
36484.98
11928
9680.15
133566.74
1310
20
42295.03
26862.99
81110.49
17377.04
2402
27155.71
305
49474.12
58475.03
5100
0.69
10037.9
6050
15209.31
129015.24
96273.66
52568.5
93727.69
12280
118
175903.85
30529.51
6.08
4400
90274.67
200
2420.25
71535
140.97
29564
4325.07
18350
12846.04
102130.32
1905
1125
194955.65
382245
83197
15883.07
10552.5
81413.92
763950.68
3094.6
5099.9
2000
12470
104.84
188077.8
38422.49
31000
424480.95
3871.11
37076
175
76130.3
25000
82542
3095
611700
186500
82900
15000
19105.06
19776.02
8251.92
17500
22665
218072
10474.41
3175
2400
62986.75
5835
39035
10000
52918.44
106750
2271269.93
23347.5
71544.04
1784
75795.17
13204.03
135
88025.07
1322624.96
23136
50
12365.78
8850
12087.18
8493.94
201895.29
8715.37
8700
751483.37
14465
180
11975
2042
1640
80258.77
14085
422140.81
8014.18
35809.68
70617.96
8033.26
41884.34
221342.82
254407.47
638.29
49599.05
70968
25549.64
25000
2831
240000
27092
84599
1.19
40469.05
195421.12
69872.87
170700
73000
2547.16
415093.08
688359.71
153198.53
29645
95071.84
97588.78
10532.98
391308.85
500
270848.01
276965.65
116772
253225
28250
5000
1950
46105
153769.41
5000
471707.13
1250059.63
106327
5000
141715
106450
9735
25000
61798.79
153205.33
199131
125500
26525
5039.3
10250.17
742361.5
160896.4
37663.25
31846.71
166429.51
47351.15
35507.12
573458.44
2000
129366.03
48.01
3000
32108.24
18583
19078.34
33700.1
565.49
40.37
147237.98
41700
610
350616.49
1200
45500
115965
391004.1
39126.49
65517.76
602473.55
15000
22715
4110
1421
16000
22265.85
372839.52
29000
54615.17
3260.87
128
25820.62
502183
9585.83
159812.35
5443
23334.1
22009.2
4714.68
3340
51051.76
2925
22348.75
18571
60854
14.94
44071.86
30500
20200
824
170502.23
271595.15
7565
7068.07
150
14392
1603.08
1079233.59
372034.23
33970
24895
2990
5326.78
1645
48500
4143
22.69
229929.41
662823.89
1001.62
35968.65
20448.52
68983.15
55585.42
28372.59
83100.06
105672.91
18914.77
60218.71
20039.4
1209007.4
67447.32
11968
18200.05
1
658306.82
531512.22
1084.6
8.52
10659.85
15139.55
174867
185620.83
114120
94118.78
134755.1
9.38
250
120360
128876.7
23500
6095
3960
6545.47
23759.87
69250
41018
179546.52
9925
77584
430350
11.57
1090.18
147126.44
24544
30000
2546.45
3549.25
120500
135648.52
13378.76
415.41
24863.38
790071.36
41500
114578.63
83494
899457.48
2565.65
800
3445
2476525.93
8036.47
85315.8
43316.01
68990.89
15819.2
8786.77
5755
3964.63
3697.19
19660.3
329027.59
411223.05
59935.63
42790.53
24104.78
59116.85
10500
18076.13
146249.48
5125
17500
590758.03
4940
16880.24
141000
61519.11
5268.02
696756.5
75
380399.73
108400.43
15000
26189.84
16025
26580.96
54289.85
250
16532.55
25338
349870.08
10940
16315
9970.26
32500
44058.52
39282.32
24750
20
14168
12050
128.93
13624
51500
8775.01
3085
19785.59
2736783.52
7100
29195
24609.08
10474.25
19227
789.85
100
17415
3520
53154
5912.06
149490.02
39756
2500
64505.8
9080
797
1497.5
358317.56
5337.81
65235.07
36128
480
21500
15000
22772.88
3942.88
7631.1
52320
5582
50
10450
33903.83
4010
2338.62
38350
33250
600
134012.01
349
4876.8
37684.58
805
38430
245045
97740.26
542562.54
38320
9340
130492.56
201556.27
5000
431851.03
51962.5
2635245.15
5500
250
270416.02
11935
128087.62
25050
46100
45459.84
966.61
93738
950966.63
21500
128315.75
574451.21
31402.9
3175.16
9034.3
45800
93110
5309
40012
244574.62
80688
10893.83
4397.52
856752.86
7613.48
33633.81
1153000
11237
9900
1720
235934.46
3900
75250
139897.91
2830
15000
4202.4
7000
3945
33633.32
13448
37500
77003.01
60586.21
8087.75
25900
76000
222845.56
10080.21
37810
282234.56
1538.48
41169.96
200
5000
46518.54
630
1000
11452.35
1848.9
1200
1737.47
11424.9
72500
2500
5000
40500
1780
79600
0.01
105591.4
55118.89
25000
121200
395415.08
56136.78
690
27858.51
6460.31
3006
3600
50632.65
657572.66
2500
15844.3
101000
139900
11830.62
10120.34
20000
82969.1
144251.86
180
5766
100425
94604.97
946225.42
23524.03
23811.29
275975
533767.21
2000
3950.28
25500
20
11350
6500
108653.2
148600
66084.17
282698.66
91660.8
31030
107998.88
13705
486578.17
18586
18092.73
2127.56
64550
94368.77
61003.49
54055
57783
108144.87
4066702.53
8200
100
14600
28500
4260.78
70317.41
128956.16
30501.62
34912.8
76195
20000
121328
68316.54
0.24
610
836.84
2300
3365
5000
129500
9000
35000
1.62
753519.39
23275
98
183961.14
3100
13580470.15
19350
267942.38
450
601.08
41503.3
28
363365.14
24750
5000
3361.25
120
62545.28
39473.75
27300
130334.8
11700
15000
4410
301218.2
9170
250
208205
3150
348508.1
274822.78
349.14
60500
18750
117162.64
32104.52
125474.02
30035.7
1500.68
1.33
22675
17234.07
49550
73189.98
600
500.55
1690.93
68049.01
221239.52
28099.32
67372.1
1925
17500
600
51208.75
3738.86
4532521.65
351005.56
7450
160925.23
2026725
74541.9
64630
9235661.24
119898.53
26425
23808.75
71585
2869.82
306866.29
63381
69588.3
20000
42292.05
5669.98
66800
2215.12
288759.79
6000
19009
18759
311288.14
8250
650
15000
21350
420
10000
33350
138954.31
37950
595866.63
22000
192010.2
5200
83535
13000
1395
3300125.8
144204.34
8016663.37
51066.37
23300
155179.16
2268.89
5175
878
1000
150.05
65500
18550
10338.86
160189
1386008.39
9989.61
93000
156064.47
337298.93
5302.8
1404850.12
363768.2
4600
1407798.64
264424.71
73000
1000
5000
217382.57
23460
21398
179102.56
256270
126500
39000
3880.25
44500.95
2000
29622.52
41660.8
5244.08
24050.14
4508821.61
48617.6
2203974.23
3008
11000
2674489.63
51264.61
55500
22057.76
3812.6
60
111813.07
538
2349523.34
3140
114895.49
10151.02
12353.51
4250.28
1.08
527.7
43862.67
4212482.06
3852636.26
100
12031
19700
160848.53
12401.15
40213.51
31
56969.67
71200
216266.64
25806.77
7.5
27052.6
14280
46500
4135
2000
16700
676
543614.68
11534
10000
2700
459554.17
93096.62
58029
145305
245100
1595833.6
23069
10456077.22
149343.49
37.77
75913.72
29025
18664.76
44265.79
59031
1075316.4
9437.79
450.02
828054.81
119325
825
68617.98
20000
308042.27
300
62100
23000
202600
15900
137808.49
253128.58
26000
65820.11
409825.88
26400
20000
442092.59
1588.8
102063.42
200
574427.94
128664.68
4000
255
97300
501827.95
152000
55494.28
2124.13
19399.44
857598.51
32559
12365.3
325
80500
156914.83
68500
40450
7425
9901
144905
25
9179.8
356956
50000
23016.99
82071.5
40428.1
275625
2398854.84
122300
261990.06
26648.53
50
56522.23
336582.08
10255832.01
39920.95
9540
11334.25
2700
1300
123721
36
26590
55560457.26
179000
9500
2000
336550
24000
1140382.67
98010
2662.08
272275.65
1560
2500
18499.33
1100
13097.75
82070.34
75799.77
96711.4
142325
353867.88
290877.8
125933
8650
2500
58143.01
169346.5
53868
158256.9
35500
45000
243200
552399.04
2893.7
31452.07
5200
8835.75
26070.42
2187.49
6000
13786.98
479.55
12500
462725.44
28670.21
14650
46561.44
44000
2200
5000
32885
68798.53
40800.65
1271821.17
725
49663.5
111717.62
5000
1381
3986.24
45500
26350
39632.48
62428.19
126000
153517.41
100
175247.02
7875
25200
0.6
10729.43
253425
37500
45500
2855
114777.57
22500
6986.31
6650
46080.62
335692.05
71507.5
21450
34657.16
114995.14
14900
11.95
6000
25000
27065
25061.17
128445
916274
15688.6
4085.33
2445.01
42500
743224.45
43978
2000
27344.04
14994.99
149
20000
15611.35
11489.04
95169
3138.93
220
106717.59
161564
77378.81
33490
47133.3
18291.46
43408.64
88765.78
28764.63
290250
62664
5225.97
7025
1505.18
112105.61
14600
8189.96
6345
18003.42
34711.58
114719.22
3638
28385
67748
1338.72
200
80028.11
29917
15
10745
1147
278.3
215443.03
7718.29
2978.47
18141.25
7200
10000
30687.67
37502
42237.27
47751.76
78226.98
22500
24027.94
50000
500000
54406.41
1555.39
530
17470
14905
500
369514.28
132397.36
10000
25260
247102.33
10068.94
102582.85
57163.8
15440
100992
200
190909.55
5292
10357
338771.46
945.88
31800
125.1
1500
5500
6470.14
16.45
1080.33
825.34
1000
11254.55
12000
200
2368
44753.82
15000
34323
210
74099.79
11609
238681.8
68420
12946.98
42000
178.2
40500
63520.12
500
4000
61964.94
6578.05
9000
978.75
26855
704252.53
15225
2050
16500
12631.35
24846
5535
25
1.37
111985
922035.04
2.39
30500
82992.8
68100
52615.32
40000
25632.93
24729.87
5500
0.02
966.65
10750
136886.46
102694.79
20000
16778.02
107531.08
180
3419
8690.7
275
320.77
40518
10500
1108
16313.48
34326.5
1196578.25
5940
25000
1070.5
2052112.02
16259.49
13930.83
28
40515
13110
75011.62
5300
1235.55
3765.81
1526039.71
5000
561877.89
35500
3.45
2400
187450.92
78900
295396.25
341.79
35392.64
71600
11000
5074
12650.04
18685
15
10000
7500
48500
22581.5
113734.89
65610.43
44767.26
301394.87
53103.75
181.84
128515
50000
476179.83
15000
1360317.04
4301.34
63
15000
45005
10000
43000
2138.19
5348349.17
33000
2000
25000
3700
10018.56
20317.69
5000
9050
2
6068.23
86373.82
10000
1100000
1315.19
31850.2
3510
75
57500
27500
43453.42
4324
242971
1000
5025
28600
1
20151
5000
6134
45000
348133.45
12500
357.5
750
1265
262600
2500
239241.62
18650
61321
33591.41
3598.5
91946.8
8358
100
500
4703.02
34000
64587.54
68370
10000
205.04
60440.12
60
77500
25504.06
3000.06
0.15
3000
9016.23
85129
8500
8076.92
25
300
650985.22
5000
7992.5
107300
41350
421585
1801
11500
61200
5000
151500
4479
1802335.6
69505
19825
12698.59
17883.19
4511420.34
595
5579.7
392.22
5434446.7
3320.09
123999.44
1750
922
13348.6
13867.5
35282.13
6493.01
35570
234421.29
882822.9
355900
16536
82773.88
854.39
19000
7035
727650.87
2895
153065.13
1959.72
41.52
240550
5038.96
40058.02
65022.5
99947.78
1220.33
618499.26
643581.53
1425132.12
121901.12
120
4500
50347.96
6406249.58
11000
276750
2294.21
150
45405.1
5600
58.3
15000
16500
1
1486548.26
44650
1167.49
297005.53
362
3465425.32
7154316.18
3529833.25
146000
82626.44
423300
22459
104833.24
65411.13
1980.27
57933414.16
330.18
88500
81900
240277.63
13058.15
10000
33335.76
3250
3951.3
224400
111000
45.29
511.61
15600
440365.82
4500
140119
2196308.98
1793
15809.81
3232073.6
13715.61
650
21120
65000
44000
24
475
649.21
9500
1870
42626.44
126259.02
5072
25975
925600
751917.01
595
95
35585
10000
25.46
848592.59
20500
319820.46
37000.04
96136.99
5200
76400
27100
18070
28600.23
100
74209.45
69171.36
48665.43
229400
13250
19916.05
32000
44300
1000
2990
216252.15
158420
480448.72
147419.39
1180000
360850
1350446.59
397224
321
20976.96
1213.6
173.96
77902.9
30334
100
35764.59
654
16900
47000
51272.92
62935.94
7393.03
16500
11313.39
0.01
21148
372250
335946.11
35258.74
40000
1668107.96
5687163
5000
47294.09
256786.47
172.16
217126.79
755
17305.31
141500
3550
22430
25685.31
68300
17611535.5
25760.5
5
17500
32642.17
3567.89
24162.85
0.03
10730.5
78147.3
128199.97
1876.45
87443.71
19630.26
4046.4
8935
3563717.01
28420
13467.6
15358.08
1034.86
111.48
505450
96600
4865.27
55000
75000
184600
155.58
23631.6
7383.25
0.22
13602.5
3620
90500.35
3103.02
308015
10.93
500
6355
114863.13
1687575.65
45906
85216.87
1294.09
4000
11850
0.84
5000
50000
10000
491.26
9794.66
24600
155501
600
1237.5
5095.65
32921.99
25
20000
98735.16
14375
49000
75
215634
57525
95422.56
5547
3750
15000
1420.64
42036
19284.1
3479
569
107400
19254.36
57095.82
30648.53
3392.45
94510.92
8900
40593
26450
282000
32474
9009.01
44000
211741.17
22.61
379364.5
24997.18
127046.4
1000
1550
202826.3
9600
16
13250
1611098.76
155
43635
11415
20319
15000
12800
2500
76250
10314.99
24500
10000
17029
69857.27
15625
26460
6625
341068.74
1
6
15566.99
1500
500
353461.93
284
12040
1000
144520
8138.16
60
5000
9435
8795
415694.36
33866.15
6000
15000
2450288.7
13000
12850
21921.06
2.43
1854.67
115680.27
7609.5
3709.45
6018
100
175633.67
200
30
129547.14
41357.63
24
10000
1000
49607
10000
5000
30000
950
5112
23650
324
157
103414.02
6893.8
3750
695626.5
105900
28335.8
44400
11025.63
3000
33237
14756.32
500
43309.69
32646.77
8388.76
36548.07
31.12
10000
44618
172089.22
14075
16107
20000
747124.03
490
19155.68
154000
49792.35
8655
510000
130001.44
39488.57
16
5000
5000
223951.24
25
10668.45
38250
103509.92
73673.57
140
7300
130
7724.92
602.99
25018.7
38689.73
478.74
18000
31350
42.02
25488.9
1303.85
56000
80095.81
10.68
17500
2444.96
21900
270085.31
4839
2300
21130
256294.64
37500
10000
949561.76
39350
8060
44967.53
44864.88
2700
3427.8
5080
2
1000
66100
37650
15710.01
110
39500
2000
52702.07
2000
3597421.51
3093.97
31374.8
7000
126498.16
7808.96
11.45
200
59200
2000
123388.7
45047
36382.1
37000
1874.93
800
86257
72661.66
353116
91987.68
20530
12228744
12400
22194.33
176982.76
5000
100
41450
10604.04
54000
799840
530.75
121.52
12493.51
378886.22
259218.25
12015
17000
1150500
11245.36
200
2910
11640.1
167400
24876.79
6650
21048.53
4578
42
1732135.68
165100
11600
55900
160.58
35000
29520
139.92
1111053.6
13244.01
11629.81
68950
81000
1381.04
60968.84
33421.24
386612.54
125
731226.72
3291.64
100
2031.34
7662
21484.57
20045
4740
200
102600
12.87
59223
150
85050
241.65
10000
7465
20000
261.49
13115
44058.52
147500
400.39
2250
10232.39
69712.54
178290.14
421377.94
76594.16
47769.52
42977
6955.32
12917
3966601.25
2200
1428.25
5.08
14499
100
53800
7657.06
11657
5000
6000.23
305172.23
12635.1
8038.41
25000
543
33776.11
5000
2150112.89
148.25
3000
9000
3190.15
1231.25
59793.87
142202.91
50
65407.79
7315.8
9034.4
6754.32
7907.65
5276.1
58200
432
10957
1152.97
4100
1
835
1916253.59
5040
12983.64
5000
204
173.96
173.96
20100
19600
9968830.43
10000
3169
2890
7500
1395
1550
2555
242051.91
115339.27
7600
38000
848373.21
29170
252721.75
30
72114.74
24760.77
426.84
50
15
180922.47
42400
59400
978.03
5000
2026
1038175.55
46543
86.55
75000
5000
43524.39
181666.16
29050
47799.16
266300
36522.41
608.43
125328.68
5000
18000
60
61156.74
2905700.51
11303.24
142118.55
47605
56000
23800
216161.34
41500
11322.7
50
3335
196424.3
3114.93
1547673.98
118864488.4
5406391.44
69920
25020
12812.75
20000
42000
10100
315900
24500
5000
1911632.31
41050
419772.21
114909.9
11000
2265
9100
13755600
4472589.43
42600
3362622.48
189500
1061.76
9194.87
4800
13500
53500
1675.98
264803
63500
54960.28
21050
196000
500
90150
1590
115806.16
37500
90944.61
42300
90816.32
33981.86
24920.17
245791.7
6947.85
137875
1000
5000
21500
218850
2500
745711.45
156100
2171
47600
60
37350
210
90690.32
5000
70000
369729.79
26
31757.23
783100
144129.4
3450.02
220
6150
112300
54630.83
50
16077.41
224261.2
2169700
2835
410338.16
2306220
1161724.5
20276834.57
147500
161553.95
14131948.82
64000
2999
146800
96335.7
6837223.36
35100
17122.48
14799.74
955
116.99
44900
11400
44078.06
734200
168000
400
82805.77
3497.54
10425.71
263135.75
65759.28
33200
4120014
2500
15000
712305
4574.83
4182034.33
1828.4
1847.31
31602.79
12979.78
20520.31
4955773.9
24000
1618
14155
30050
100
1500
1800
63240
3462.44
100000
13058.34
1067
106426.18
8500
745299.03
2700
1024463.15
11062.77
1493.99
51900
1258908.58
74971.83
1319.2
500
487014.85
2000
5228
233000
10100.02
21806.04
39500
45479.63
195
42000
2500
4750
42765.16
357728.38
11907020.56
4362231.13
16456888.17
10000000
923642.1
4000
386704
1.3
560
138200
175.01
29488.5
339999
7332.48
51281.94
16000
35520
6000
5668.08
4151
391801.7
140700
13020
24127172.54
2913
1200
216
74000
26452
10000
3750
82400
1024900
118
84913.86
46500
15000
10146.46
55300
100
153600
29000
209.01
700
100000
35350
1461.3
36860
560050
81953.49
424.07
232145.5
8500
114346.03
66305.73
40100
50
425
1500
9600
205003.79
250
117402
11402.1
5535
42206.09
543925
287700
11860
2500
419400
31311
23500
4259
83400
314971.78
10000
101900
94250
115150
149749.95
16049
401
8101.95
112000
53.05
34002.56
120596.95
130
216650.81
3113590.72
111500
296300
40426
124700
5468.8
203500
69829.77
803742.88
367450
250000
10100
138600
24430
3436572.4
150000
28514
174763.8
37250
10000
20000
200
45000
27499.99
231.85
5000
58281.64
196369
43880
25
2277.5
5000
124027
6470
5624.87
150000
356746.75
97000
164386
10000000
167234.61
41982.84
364220
298907.17
33445.08
96000.69
1732684
535200
56400
17501
79904
28000
7198.79
195776
2000
1.24
184950
144
34506
12500
9100.25
63399.87
83
21000
4881
2615.67
258800
3044.63
73736.76
28987.18
25
300000
59005
9974550.2
20250
19345.32
1900
58034
1478.65
43510
6342.03
5000
20000
110000
70600
1000
95400
21500
5000
189800
44889
4752.28
670
200
10000
388200
35100
48300
100
1161.67
134000
3168311.89
92335
32000
4046
343100
22000
302734
1236445.02
64137.36
151800
151472
33464.64
5477.01
444
10400
66.34
1270
76000
1418.24
178200
1500
1045
7445.92
12115
19000
127000
10000
20000
21210.88
200
1250
125
915000
37000
87800
2876.82
19500
5309
35201.95
45550
6000
24950
150
60000
150500
92950
4000
1950.86
57787.87
1115
5351.18
39850
48700
9850.32
20
26921630.45
25000
215000
29372.41
10877.02
131622.69
76200
5101983.13
37327.87
735001
70000
30000
684319.73
20
323055.49
226813.92
31
5910.28
22267.92
38004.5
14000
10250
1000
20752
3750
25375.15
19700
15220
100
46600
1480
133000
35000
96846.31
713.72
100000
653
74
25000
45250
63.1
33165
6973.79
154
3634.59
20000
5066
150
2102.88
457
11042
742
683
26835.44
11222.74
73752.59
400000
65000
20000
7500
5000
5000
5000
25000
5200
7783943.99
85020
200000
100
11100
19500
76600
4000
110000
200
77500
54.92
1500
142.76
32000
13500
15000
2218.67
875.61
12750
206.24
25
25000
85
40000
1211
15000
2420
5171.35
15000
22400
318087.59
13500
10050
7739.28
2169.45
3579.75
6000
1050
87000
31450
5500
500000
5000
130000
20750
392500
13400
37500
2000
128250
10000
5000
300
4322.5
263
90186
3500
3718.4
7255.43
15000
20000
102000
1000
58300
2688.33
147315
2020
55900
125
155979
30201.87
2597
186.5
45000
46980
10000
2991
30400
550010
7000
50000
6650
120000
259978
8868050.07
260000
1001
20594.24
28650
100000
929.35
250000
3030
1000
75800
109.84
